0 0.038613042195725214 0.7719182751468239 0 10000 0.02
1 0.0574554113306297 -0.47339394034603366 0 10000 0.02
2 0.03771583648646308 -0.7009992580060029 0 10000 0.02
3 0.02197745682851986 0.15657203849744916 0 10000 0.02
4 0.035113198752321606 0.11099289046108596 0 10000 0.02
5 0.03258796414004338 0.5536832332846655 0 10000 0.02
6 0.06919437644433243 -0.5363110505659259 0 10000 0.02
7 0.058321361726070206 0.01687039226817455 0 10000 0.02
8 0.03920020517195355 0.21544128400909668 0 10000 0.02
9 0.06668164464738456 0.17093859195758365 0 10000 0.02
10 0.03809163692887836 0.46583085720675976 0 10000 0.02
11 0.06528771367500054 0.9845472121703778 0 10000 0.02
12 0.03168037767212921 0.45969322463200313 0 10000 0.02
13 0.06587067827801218 -0.8151075200126572 0 10000 0.02
14 0.021221079386168105 0.3078811417267142 0 10000 0.02
15 0.029092931506503314 -0.0932450580371702 0 10000 0.02
16 0.06875237098255471 -0.11127646562995175 0 10000 0.02
17 0.05488487050734811 -0.501599994825916 0 10000 0.02
18 0.03753437774912782 -0.1136644778942536 0 10000 0.02
19 0.030955612814774786 0.31776050175389026 0 10000 0.02
20 0.0344504336141611 -0.1886287334950677 0 10000 0.02
21 0.06912324553963549 0.204148058896372 0 10000 0.02
22 0.020319499985765554 0.3774099323689897 0 10000 0.02
23 0.02320470873704658 0.11050625613494836 0 10000 0.02
24 0.03849584727701043 -0.5006002895986199 0 10000 0.02
25 0.05913655805108303 -0.6362602421028679 0 10000 0.02
26 0.028886275369316372 0.2335819066915561 0 10000 0.02
27 0.060876598182442856 -0.7088880241669412 0 10000 0.02
28 0.06880030520134241 -0.7960228534242858 0 10000 0.02
29 0.04934116250471762 -0.4142964057459262 0 10000 0.02
30 0.02573596579502649 -0.2442368270280878 0 10000 0.02
31 0.04549458868867973 0.5459225452256042 0 10000 0.02
32 0.022885242000032807 -0.7634770608609763 0 10000 0.02
33 0.06254096499692723 -0.2345737621559616 0 10000 0.02
34 0.03476413400139468 0.7756649049158026 0 10000 0.02
35 0.04802844444232308 -0.7111200989211512 0 10000 0.02
36 0.052686435266226794 0.897070470741256 0 10000 0.02
37 0.049895802297944894 -0.008472333180552738 0 10000 0.02
38 0.060903685196527654 -0.5842796897955174 0 10000 0.02
39 0.03506007851762723 -0.3930919768016331 0 10000 0.02
40 0.06513309514155746 -0.5174181672332928 0 10000 0.02
41 0.06666700635694588 0.442006122251851 0 10000 0.02
42 0.05684121504069521 0.44202274913286077 0 10000 0.02
43 0.02035215766341734 0.6591941738647908 0 10000 0.02
44 0.030759284973738643 -0.9184479855329073 0 10000 0.02
45 0.05213535258761427 0.7579899406147403 0 10000 0.02
46 0.020502978073807052 0.9471590170043114 0 10000 0.02
47 0.024387331392212996 -0.16372440936291333 0 10000 0.02
48 0.06088363581178356 -0.09324244076174937 0 10000 0.02
49 0.04974868258862073 0.8172271103304578 0 10000 0.02
50 0.06339762112329995 0.4635423369863989 0 10000 0.02
51 0.05797080747307172 0.3989628455287273 0 10000 0.02
52 0.034947320153998665 0.7915888976651113 0 10000 0.02
53 0.0666344415306744 -0.980125137378268 0 10000 0.02
54 0.037857256965059996 0.7022589149923988 0 10000 0.02
55 0.044193553289797974 0.1442745241363652 0 10000 0.02
56 0.06545079148797676 0.2258708598280461 0 10000 0.02
57 0.06846441482178177 0.6253622436264938 0 10000 0.02
58 0.0652430731437449 -0.8364984045768908 0 10000 0.02
59 0.03959598245124851 -0.5275482458563 0 10000 0.02
60 0.06539883867319625 -0.09452785598687985 0 10000 0.02
61 0.035739277508362775 -0.5007059673634082 0 10000 0.02
62 0.06579921561496503 -0.14292195078420855 0 10000 0.02
63 0.030623307595393473 0.748554466088907 0 10000 0.02
64 0.028641027186477964 -0.3809477119545118 0 10000 0.02
65 0.06066779224310863 -0.22209682953283483 0 10000 0.02
66 0.05907445693507926 0.4466777146977199 0 10000 0.02
67 0.0691465100827341 -0.5108167292975464 0 10000 0.02
68 0.025161992544535466 -0.7980924336905071 0 10000 0.02
69 0.05718596197881426 -0.2726137842081928 0 10000 0.02
70 0.030630748746799514 0.7507901779250481 0 10000 0.02
71 0.023791694941391224 0.039257937770807994 0 10000 0.02
72 0.06772864097566278 -0.6644074378391969 0 10000 0.02
73 0.06825797327184031 0.018357109886045775 0 10000 0.02
74 0.03340620769037336 0.7130197231529829 0 10000 0.02
75 0.02442866951886003 0.782073488571037 0 10000 0.02
76 0.06250241945781833 0.7634906393779253 0 10000 0.02
77 0.05496144228153048 0.6582418066112354 0 10000 0.02
78 0.021521395614610316 -0.308544626320426 0 10000 0.02
79 0.03915959961674882 -0.18261806771989808 0 10000 0.02
80 0.06289047937920422 0.3554378615412235 0 10000 0.02
81 0.04645626492327065 0.08937532689681404 0 10000 0.02
82 0.0603487547220798 0.9403706612758502 0 10000 0.02
83 0.024622384510755678 0.3842082195508989 0 10000 0.02
84 0.05484895617582901 0.266187021544104 0 10000 0.02
85 0.05823242354472134 0.15649716762508215 0 10000 0.02
86 0.05975285351756257 0.09780075540484945 0 10000 0.02
87 0.05656573241875697 -0.09431892362244276 0 10000 0.02
88 0.06298138550171513 0.42166870612624363 0 10000 0.02
89 0.05650491812966847 0.31429486019257014 0 10000 0.02
90 0.020695818197396926 -0.5323621188794729 0 10000 0.02
91 0.03406859941021666 -0.5770586518787744 0 10000 0.02
92 0.02690467220852131 0.02239396055577747 0 10000 0.02
93 0.04443205669338358 -0.27178246167139697 0 10000 0.02
94 0.037707944121941 -0.6490354462920218 0 10000 0.02
95 0.06642368952792407 -0.9222708810552883 0 10000 0.02
96 0.0449761476484465 0.5134742164831183 0 10000 0.02
97 0.021302933091466057 -0.5464382091743356 0 10000 0.02
98 0.05693637154714849 0.33826551129137994 0 10000 0.02
99 0.02538064169032478 -0.24969424932807838 0 10000 0.02
100 0.04158783921589718 -0.7828678452597122 0 10000 0.02
101 0.06516399732629007 0.9552555655151866 0 10000 0.02
102 0.0696159875712041 -0.8905795129697875 0 10000 0.02
103 0.0697460785069771 0.24071737553921468 0 10000 0.02
104 0.04144874941461574 -0.8201909443954847 0 10000 0.02
105 0.06132607907810597 0.08689888605315654 0 10000 0.02
106 0.02947952016589029 -0.7851198315108565 0 10000 0.02
107 0.03459102536785093 -0.09168575023287684 0 10000 0.02
108 0.032344775750688406 -0.5262215628543523 0 10000 0.02
109 0.02223302436583247 -0.3333140151325098 0 10000 0.02
110 0.052433909606396295 -0.818835846185374 0 10000 0.02
111 0.034661509187729464 -0.9189044301606741 0 10000 0.02
112 0.037747763590686184 -0.9592949505305908 0 10000 0.02
113 0.023023751418768317 -0.2858472910642845 0 10000 0.02
114 0.028172070274950993 0.34656765974741277 0 10000 0.02
115 0.03155284250422099 -0.26533965721243424 0 10000 0.02
116 0.037728366162609134 0.06824121392487914 0 10000 0.02
117 0.04368504711436061 -0.6651061017877008 0 10000 0.02
118 0.03995942342698125 -0.13981782653246333 0 10000 0.02
119 0.02988669840189845 0.7856147065929617 0 10000 0.02
120 0.03663773495087252 -0.08894713753233918 0 10000 0.02
121 0.060336246162823806 0.05560378080574613 0 10000 0.02
122 0.06233417890288993 -0.9865188677162229 0 10000 0.02
123 0.040080666330892085 -0.7609456912384349 0 10000 0.02
124 0.03113154229031343 0.24214324156822076 0 10000 0.02
125 0.04533522638114465 0.540427317598003 0 10000 0.02
126 0.020957527550738424 0.9241146819654829 0 10000 0.02
127 0.06486019228431668 -0.8877292420561084 0 10000 0.02
128 0.06951256569077038 -0.7535023422068106 0 10000 0.02
129 0.06618316759125584 0.8945356389798913 0 10000 0.02
130 0.04120868629914963 -0.7197215330193791 0 10000 0.02
131 0.06569890042738456 0.25327383734526965 0 10000 0.02
132 0.05972284680166863 -0.22664526725067347 0 10000 0.02
133 0.04199219127470746 -0.41041585919611545 0 10000 0.02
134 0.0573548919839956 -0.8285962403322503 0 10000 0.02
135 0.04639865081952259 -0.23315284417234072 0 10000 0.02
136 0.06899215028925937 0.8862970327535493 0 10000 0.02
137 0.05624878008432953 -0.437990346002723 0 10000 0.02
138 0.04118782086075799 0.7855602702325393 0 10000 0.02
139 0.05748873935810539 -0.6704058564835096 0 10000 0.02
140 0.034595726592016825 0.5717131896614402 0 10000 0.02
141 0.02872593035989092 0.10650270106225834 0 10000 0.02
142 0.030657883052775708 0.03606428353797053 0 10000 0.02
143 0.06748900565062033 -0.8422373807599197 0 10000 0.02
144 0.06718432619695826 0.20730177235470748 0 10000 0.02
145 0.055738716872302724 -0.9550872199757154 0 10000 0.02
146 0.058629646386933215 0.07336105297508566 0 10000 0.02
147 0.061440203685049696 -0.1872853868360167 0 10000 0.02
148 0.0655315781224341 -0.023273158762436297 0 10000 0.02
149 0.02495901643773627 0.07671063038565573 0 10000 0.02
150 0.06088179649635726 0.34020216104182843 0 10000 0.02
151 0.04488458386590374 -0.28593271144501664 0 10000 0.02
152 0.038697919600879774 -0.7820710375696164 0 10000 0.02
153 0.06355797463626081 0.9547463038209378 0 10000 0.02
154 0.06964869988529897 -0.67402059618867 0 10000 0.02
155 0.05810390303070885 -0.489072285048757 0 10000 0.02
156 0.06259458352805136 0.36640582928395693 0 10000 0.02
157 0.06209521916085954 0.6949575295496888 0 10000 0.02
158 0.0357216559661329 -0.8082212580835435 0 10000 0.02
159 0.045531774387986904 0.6339272278557841 0 10000 0.02
160 0.06415797416269166 0.24524863327153779 0 10000 0.02
161 0.06305338964233158 -0.6042920207431244 0 10000 0.02
162 0.05141108541816672 -0.6898622121068239 0 10000 0.02
163 0.04890392680163064 0.15978058351604174 0 10000 0.02
164 0.03650093875345929 0.7083079260406466 0 10000 0.02
165 0.05851408997748833 -0.8878784513399663 0 10000 0.02
166 0.03143572335005193 0.36513513309001056 0 10000 0.02
167 0.020716695886785125 0.6800500515792836 0 10000 0.02
168 0.05151649636177401 -0.7662253317296505 0 10000 0.02
169 0.038192918095553294 -0.30784568567209114 0 10000 0.02
170 0.0641616806892042 -0.12547896907378453 0 10000 0.02
171 0.06206802386834191 -0.4092961490425753 0 10000 0.02
172 0.023701143649119422 -0.7379173694361876 0 10000 0.02
173 0.06988256090348635 -0.37083384029512123 0 10000 0.02
174 0.05007620075706844 0.35706768555993285 0 10000 0.02
175 0.02567533824655433 -0.6502583412225591 0 10000 0.02
176 0.05471693504729466 0.19897891973261173 0 10000 0.02
177 0.03452479360185792 -0.05724717156303294 0 10000 0.02
178 0.03507405842557407 0.2625452763069802 0 10000 0.02
179 0.05368123331711763 0.2747912064826252 0 10000 0.02
180 0.060921917660077304 -0.8916846609427161 0 10000 0.02
181 0.04657310350169598 0.21870867728411625 0 10000 0.02
182 0.0689732649224044 0.7057978779904461 0 10000 0.02
183 0.03323540644270971 0.023049386594218513 0 10000 0.02
184 0.05969757769958725 -0.7600501125384262 0 10000 0.02
185 0.026110861312298516 0.693420892869461 0 10000 0.02
186 0.05769792246202794 -0.06570005800226275 0 10000 0.02
187 0.03038342234763396 -0.2982797250948396 0 10000 0.02
188 0.04726604534212961 0.6945666185430928 0 10000 0.02
189 0.05350145461788727 0.1163108105488353 0 10000 0.02
190 0.057151747483747864 0.6134907256157802 0 10000 0.02
191 0.04768323142191029 -0.8205242642999193 0 10000 0.02
192 0.046996871974211485 -0.5600086793353083 0 10000 0.02
193 0.04575894163551639 0.9815242993531705 0 10000 0.02
194 0.04956089651510237 0.7713475025569605 0 10000 0.02
195 0.036691481042443824 0.7021803301352596 0 10000 0.02
196 0.04369709169126883 0.5709998464377963 0 10000 0.02
197 0.05428588102173576 0.9401682173422814 0 10000 0.02
198 0.03537118297458091 0.24654476551879956 0 10000 0.02
199 0.04358033729037042 0.6850153232691452 0 10000 0.02
200 0.02816177401253462 -0.7427967939961857 0 10000 0.02
201 0.060255503844988526 0.620605981166759 0 10000 0.02
202 0.05675070982388425 -0.08333128881464302 0 10000 0.02
203 0.037290660450514594 0.13425456261082735 0 10000 0.02
204 0.03986272340843705 -0.27724531790059315 0 10000 0.02
205 0.060554607712901956 -0.32504236796701247 0 10000 0.02
206 0.05205637408259303 -0.6492970902602935 0 10000 0.02
207 0.03365881664106497 -0.3698675112001295 0 10000 0.02
208 0.025829253525456092 -0.005167523680180697 0 10000 0.02
209 0.052670330924507625 0.33943123540735964 0 10000 0.02
210 0.04306291082149159 -0.7333897329756347 0 10000 0.02
211 0.05323863531616896 -0.537635575418898 0 10000 0.02
212 0.06566654310063623 0.5209318765121813 0 10000 0.02
213 0.0511749663915955 -0.1612846699419913 0 10000 0.02
214 0.02417819050377029 0.766390562815761 0 10000 0.02
215 0.038508087005979796 0.3992583402250698 0 10000 0.02
216 0.054628782159288666 -0.03939410676376043 0 10000 0.02
217 0.06824061451213244 0.6467873700261011 0 10000 0.02
218 0.04786739477114599 0.5925671140345672 0 10000 0.02
219 0.045688197685047796 -0.9409455983335668 0 10000 0.02
220 0.04319508772924334 -0.38941147241023033 0 10000 0.02
221 0.05820596653502351 0.7267553382589396 0 10000 0.02
222 0.047153888860406376 -0.09167764240338572 0 10000 0.02
223 0.05248355033979185 0.897004174837251 0 10000 0.02
224 0.05001415044620419 0.059162503807137945 0 10000 0.02
225 0.040814629501060753 0.5407012420241786 0 10000 0.02
226 0.04000815226106684 -0.0541508552354969 0 10000 0.02
227 0.05664338483212927 -0.288347747034576 0 10000 0.02
228 0.06578469387398021 -0.5379397059449842 0 10000 0.02
229 0.06388892322203024 0.5839453314874823 0 10000 0.02
230 0.05615120422352782 0.6607549507290638 0 10000 0.02
231 0.05368350328843048 -0.7227008293314465 0 10000 0.02
232 0.047715495808095365 -0.74135485108918 0 10000 0.02
233 0.026524902183238684 0.974892130680048 0 10000 0.02
234 0.059737852268219926 -0.6657184784586849 0 10000 0.02
235 0.05472748365931604 -0.8378187737961402 0 10000 0.02
236 0.06198160302348296 0.8250361531485195 0 10000 0.02
237 0.030884247309390912 0.21318465414017274 0 10000 0.02
238 0.06743378078185411 0.7153950733546179 0 10000 0.02
239 0.025056654030993875 0.14800081070623383 0 10000 0.02
240 0.02504858562184214 -0.04622527780428931 0 10000 0.02
241 0.0508249883812089 0.6148855456393711 0 10000 0.02
242 0.02815510225387342 -0.24206578500143294 0 10000 0.02
243 0.059566041801163455 0.6814879447360775 0 10000 0.02
244 0.023777674416232093 0.9061190438239128 0 10000 0.02
245 0.05298730967410002 -0.2838189928424978 0 10000 0.02
246 0.039287682380937924 -0.33155297121479566 0 10000 0.02
247 0.03229424321551287 -0.6489603311750001 0 10000 0.02
248 0.06876154666644425 -0.04692748193129481 0 10000 0.02
249 0.033031828385573864 -0.4875114616335018 0 10000 0.02
250 0.06549611557932437 0.9163422819699585 0 10000 0.02
251 0.05106508473373586 0.48890261207934804 0 10000 0.02
252 0.03586110503235506 -0.4693606073725155 0 10000 0.02
253 0.024614793935456826 -0.8669004048062977 0 10000 0.02
254 0.05810703477864111 0.0972136105705601 0 10000 0.02
255 0.022284998241321186 -0.5625420217307066 0 10000 0.02
256 0.05181976450051069 0.9316932741452202 0 10000 0.02
257 0.02147428894527593 0.2982172392924154 0 10000 0.02
258 0.03445841951870761 0.1030163820367993 0 10000 0.02
259 0.06896881948896251 0.6965586458068491 0 10000 0.02
260 0.03857612250106313 -0.5023525096315751 0 10000 0.02
261 0.06355200227128728 0.6115948137746674 0 10000 0.02
262 0.04970128441850947 -0.9654479875813508 0 10000 0.02
263 0.05267542861764479 0.39809509565265766 0 10000 0.02
264 0.06988842351021916 0.16384079846875488 0 10000 0.02
265 0.04924834842814489 -0.4403152845047391 0 10000 0.02
266 0.053884029445607176 -0.49216356704900205 0 10000 0.02
267 0.02209686242958294 0.588793547808321 0 10000 0.02
268 0.06480350312946835 0.0996624361337679 0 10000 0.02
269 0.03379119112648278 0.7385079316270069 0 10000 0.02
270 0.025185420156509132 -0.8958559267875946 0 10000 0.02
271 0.04048980507194286 -0.2559105878433351 0 10000 0.02
272 0.050837503457308975 0.21905186139117228 0 10000 0.02
273 0.028338693002986692 0.42100588980011255 0 10000 0.02
274 0.023118613389449087 0.026513320701990972 0 10000 0.02
275 0.03759899262025947 0.3381904615320932 0 10000 0.02
276 0.05866258469635792 -0.18749273791838938 0 10000 0.02
277 0.025733475327355537 -0.3783499153433748 0 10000 0.02
278 0.03542568686547075 -0.19156425824291123 0 10000 0.02
279 0.03604925100030989 -0.9366559097927807 0 10000 0.02
280 0.037260984555149854 -0.17515225992061312 0 10000 0.02
281 0.03303039433828285 0.8602508282270604 0 10000 0.02
282 0.02996332677449397 0.5836450459431317 0 10000 0.02
283 0.05180267682032447 -0.9186779868528249 0 10000 0.02
284 0.030129236859057336 0.4452987743648549 0 10000 0.02
285 0.03875696997289983 0.536207219953067 0 10000 0.02
286 0.06805639747284908 -0.5854328817785786 0 10000 0.02
287 0.025522743895008266 -0.32201048152800404 0 10000 0.02
288 0.03253961567817244 -0.4727537758693139 0 10000 0.02
289 0.0446245839746002 -0.40239623640904176 0 10000 0.02
290 0.05993940910872789 0.6295999714135345 0 10000 0.02
291 0.06809376414006649 0.08716842879019304 0 10000 0.02
292 0.0665330983034543 -0.5619548617139813 0 10000 0.02
293 0.04086846053542201 5.454575252561433e-05 0 10000 0.02
294 0.04406527760151744 -0.3892376344234042 0 10000 0.02
295 0.04623577068080201 -0.49610231643243874 0 10000 0.02
296 0.03337970792047082 0.906235357635087 0 10000 0.02
297 0.02778890067025273 -0.288205179177233 0 10000 0.02
298 0.06521538356691105 -0.13382715036175907 0 10000 0.02
299 0.06042620816064277 0.03257187938293038 0 10000 0.02
300 0.05482783914096351 0.8314663589242555 0 10000 0.02
301 0.02171444176397454 -0.8422845393181411 0 10000 0.02
302 0.057196073720738067 0.24934746344622893 0 10000 0.02
303 0.03652681597743788 -0.189679970801507 0 10000 0.02
304 0.06897501515112384 0.7280021068348745 0 10000 0.02
305 0.026293929091136904 -0.7407188302414364 0 10000 0.02
306 0.06443298489770401 -0.019644186259929475 0 10000 0.02
307 0.023128978215455898 -0.565022838458213 0 10000 0.02
308 0.05281251997201175 -0.7574868786857637 0 10000 0.02
309 0.04519850084216649 -0.3437421653528182 0 10000 0.02
310 0.06839202999750298 0.8211668265321905 0 10000 0.02
311 0.02262546287310698 0.751615857254269 0 10000 0.02
312 0.04692209166243792 -0.5812389339782296 0 10000 0.02
313 0.04532656493471662 0.6046265099160042 0 10000 0.02
314 0.044904279240264 0.10233126453627284 0 10000 0.02
315 0.021454600928776827 0.3788975466845528 0 10000 0.02
316 0.06854246334721172 -0.03832682002927901 0 10000 0.02
317 0.03241443895429898 -0.06736120352662534 0 10000 0.02
318 0.02970063830521305 0.6024379327013074 0 10000 0.02
319 0.04901732485528314 0.24491454513279765 0 10000 0.02
320 0.06794002166843077 0.9892292179303623 0 10000 0.02
321 0.06598542547319915 0.6517867032044682 0 10000 0.02
322 0.06654062891339402 -0.017957017682085907 0 10000 0.02
323 0.051676805804737866 -0.7641724241486348 0 10000 0.02
324 0.05313593813418796 0.6307795003638594 0 10000 0.02
325 0.033895358084858655 0.2738327165642134 0 10000 0.02
326 0.021030250140159135 -0.7538869332098018 0 10000 0.02
327 0.055960487637622444 0.935071320362554 0 10000 0.02
328 0.029199185396291277 0.8503843208592361 0 10000 0.02
329 0.042537646746278024 0.6879214814328853 0 10000 0.02
330 0.06359843877053949 0.9159680270144839 0 10000 0.02
331 0.03273506310668857 0.1202079304220125 0 10000 0.02
332 0.05464333775325965 0.8708108851150755 0 10000 0.02
333 0.05646054940181841 0.597225054859962 0 10000 0.02
334 0.057031222569455656 -0.4328266262736259 0 10000 0.02
335 0.053588960681508105 -0.47684474818737077 0 10000 0.02
336 0.03522176452049072 -0.25670849152814335 0 10000 0.02
337 0.039298038742987554 -0.030309894767988066 0 10000 0.02
338 0.023179993288552324 -0.4736613266067564 0 10000 0.02
339 0.039090051785064035 0.3086143319963559 0 10000 0.02
340 0.05535451280854922 0.7392949299020537 0 10000 0.02
341 0.05877494775846642 0.7548096744759696 0 10000 0.02
342 0.030586648426208275 0.30162020638017695 0 10000 0.02
343 0.0409309969824784 -0.028428720872167412 0 10000 0.02
344 0.032752778840500346 -0.3917465871765988 0 10000 0.02
345 0.02515152151377109 0.04531671313330521 0 10000 0.02
346 0.022426981402178043 0.24709695753583016 0 10000 0.02
347 0.06289306112650254 0.7897389518275015 0 10000 0.02
348 0.0625177203246104 0.46659471872936953 0 10000 0.02
349 0.060092098912816486 0.7866674691241993 0 10000 0.02
350 0.021105332059521736 0.5312969184913967 0 10000 0.02
351 0.06010122594194546 0.8005247715510941 0 10000 0.02
352 0.0521002833187644 -0.1148117427646298 0 10000 0.02
353 0.05008465710526565 0.4393750432297374 0 10000 0.02
354 0.04652466116823213 0.46961727341399073 0 10000 0.02
355 0.023628024814338934 -0.5915273116637827 0 10000 0.02
356 0.033718625239043565 0.3155082624736474 0 10000 0.02
357 0.02081845805662062 -0.22733392029721433 0 10000 0.02
358 0.061452781439533255 -0.8605354189258768 0 10000 0.02
359 0.06618110009113357 -0.6067937281384448 0 10000 0.02
360 0.033684863986915545 -0.7200724446720563 0 10000 0.02
361 0.045629967938978805 -0.9776170048948148 0 10000 0.02
362 0.024524054360456543 -0.27910907945704955 0 10000 0.02
363 0.02195199178177851 -0.8294146347239659 0 10000 0.02
364 0.06463099046430501 0.3939656081354037 0 10000 0.02
365 0.0485482647705195 0.9322679435151107 0 10000 0.02
366 0.02073008724021207 -0.7331469059951934 0 10000 0.02
367 0.0559429347730753 -0.7151653258527033 0 10000 0.02
368 0.06798068305653468 -0.23709534055113657 0 10000 0.02
369 0.04193242734028219 -0.10638014910864846 0 10000 0.02
370 0.0429265271203031 -0.46714986322990915 0 10000 0.02
371 0.04225777823016004 -0.5021015462201985 0 10000 0.02
372 0.06656503814543874 -0.029021939866001323 0 10000 0.02
373 0.04215062379757857 0.703179621741191 0 10000 0.02
374 0.05685304550094862 -0.40482925569427586 0 10000 0.02
375 0.05313572948784609 0.8385963782090018 0 10000 0.02
376 0.056781891516819116 -0.4736718356951408 0 10000 0.02
377 0.06504697100693192 0.7714714786834671 0 10000 0.02
378 0.037752792330326856 0.1825583361028782 0 10000 0.02
379 0.06812713636199334 -0.3604442212292067 0 10000 0.02
380 0.053312334439825235 -0.8261228303583228 0 10000 0.02
381 0.0463178706373822 -0.19477688438253993 0 10000 0.02
382 0.03572498648552648 -0.3567850976694783 0 10000 0.02
383 0.04780136106755188 0.40052419719702637 0 10000 0.02
384 0.055187760999259705 -0.8089445083875679 0 10000 0.02
385 0.037108838777585466 -0.8608464860182194 0 10000 0.02
386 0.05842807770635533 -0.00708252550470212 0 10000 0.02
387 0.04206520550651259 0.6237723766878192 0 10000 0.02
388 0.05185344351977961 0.5324578849878989 0 10000 0.02
389 0.029670550344087776 -0.515168574998383 0 10000 0.02
390 0.061122252157328305 -0.09710904954332267 0 10000 0.02
391 0.025401684459411406 -0.123709861723305 0 10000 0.02
392 0.05484610827740424 0.7881517409256147 0 10000 0.02
393 0.045807012333699826 -0.015245878285527925 0 10000 0.02
394 0.05618933331561525 0.8366163480317019 0 10000 0.02
395 0.06806633462293708 0.40673675539818954 0 10000 0.02
396 0.03560753620570614 -0.8598738025722072 0 10000 0.02
397 0.05555045133905896 0.1785336975033558 0 10000 0.02
398 0.029125336254275977 0.29856168335733346 0 10000 0.02
399 0.0490551766714708 -0.984715874974243 0 10000 0.02
400 0.02467624335755462 0.15609520250803355 0 10000 0.02
401 0.021130437453107265 -0.20035391932081825 0 10000 0.02
402 0.05768462690666387 -0.13194451347729952 0 10000 0.02
403 0.05131792539902884 -0.2446193930231002 0 10000 0.02
404 0.021228311341177135 0.9204462761667549 0 10000 0.02
405 0.023829856404548554 -0.2572148392533471 0 10000 0.02
406 0.05972139333695177 0.4718081656844433 0 10000 0.02
407 0.05305464488502279 -0.6562213415832983 0 10000 0.02
408 0.039424212096705664 0.5509012999824274 0 10000 0.02
409 0.06386626747842829 -0.9806992936456616 0 10000 0.02
410 0.06656957774382306 -0.6191381107665881 0 10000 0.02
411 0.02359702435269334 0.5995505787847442 0 10000 0.02
412 0.06507385891074204 0.29189565092562275 0 10000 0.02
413 0.05087918441430013 0.6371306582367142 0 10000 0.02
414 0.04299513415451942 0.023604858697672926 0 10000 0.02
415 0.0674082588723834 -0.6339826906255469 0 10000 0.02
416 0.06412957116576334 0.2890376830847956 0 10000 0.02
417 0.022541444560813462 0.27573271673818756 0 10000 0.02
418 0.056727056050448144 0.2915983240113298 0 10000 0.02
419 0.06845873692996686 -0.0725031769274398 0 10000 0.02
420 0.04405337457368298 -0.6574494040583023 0 10000 0.02
421 0.06127370273131244 -0.9175633999087256 0 10000 0.02
422 0.021365830217832272 -0.05814795092938185 0 10000 0.02
423 0.026725457750188596 0.9722118685636343 0 10000 0.02
424 0.05195695082751918 -0.3254185676108974 0 10000 0.02
425 0.03670890842232601 0.20630728034667745 0 10000 0.02
426 0.021724329578470224 0.4568114574514701 0 10000 0.02
427 0.06575264902947746 0.7749126005446547 0 10000 0.02
428 0.0421972135116976 -0.04183645442959327 0 10000 0.02
429 0.0409880052879253 0.8760642630399946 0 10000 0.02
430 0.04775428055941473 -0.5961821775561044 0 10000 0.02
431 0.05977185851541017 0.9482742750593145 0 10000 0.02
432 0.021752305308018433 -0.45859115724263677 0 10000 0.02
433 0.039940985359610895 0.8280372489029237 0 10000 0.02
434 0.06227152424968513 -0.6733925076597362 0 10000 0.02
435 0.051379225072452156 0.7678081064349942 0 10000 0.02
436 0.032158827644710605 0.010829209206270507 0 10000 0.02
437 0.02580260551497491 -0.401981091802481 0 10000 0.02
438 0.029161601237677387 0.1455520230383247 0 10000 0.02
439 0.04455858004229302 -0.7817892617771094 0 10000 0.02
440 0.06568643407512599 0.4826266734707958 0 10000 0.02
441 0.02594617779543414 0.9380274443803107 0 10000 0.02
442 0.03153056417450977 -0.3883876643988713 0 10000 0.02
443 0.05034937203292806 -0.7307903954541322 0 10000 0.02
444 0.03876943096849267 0.43124037059481135 0 10000 0.02
445 0.051856681497930254 -0.46462317706507605 0 10000 0.02
446 0.05461256863845762 -0.8893647470929888 0 10000 0.02
447 0.02103918191938865 0.4669698700076883 0 10000 0.02
448 0.029451121645953704 -0.8871626892396283 0 10000 0.02
449 0.06100586958560976 0.03193051255094481 0 10000 0.02
450 0.06894317888189007 -0.3969962868324549 0 10000 0.02
451 0.026982283911781237 0.2268963230209653 0 10000 0.02
452 0.046471483433841165 -0.12485593338900525 0 10000 0.02
453 0.03446563546312637 -0.9729127193438242 0 10000 0.02
454 0.04642365393006634 -0.7685092262365547 0 10000 0.02
455 0.04711106515266322 -0.12418198040657935 0 10000 0.02
456 0.033767938373288814 0.37026858272279983 0 10000 0.02
457 0.04849735794257212 0.34100882865825843 0 10000 0.02
458 0.030501337999983745 -0.2635574319821091 0 10000 0.02
459 0.048068729574996305 0.8245866349467545 0 10000 0.02
460 0.06556278724798088 0.9355839129158532 0 10000 0.02
461 0.06736048227378252 -0.5397369246076236 0 10000 0.02
462 0.05451907142904128 0.9869101412621712 0 10000 0.02
463 0.05895838364097786 -0.2534230302220729 0 10000 0.02
464 0.062465579011607125 0.8265495853108926 0 10000 0.02
465 0.036550191389756896 -0.9522802180505324 0 10000 0.02
466 0.03283336053983821 -0.37509145955756784 0 10000 0.02
467 0.053135252228258295 0.06121214236338912 0 10000 0.02
468 0.06558942164848111 0.1417337667232641 0 10000 0.02
469 0.04502452187260522 -0.9278108683414084 0 10000 0.02
470 0.0262723808951144 -0.5490399970965658 0 10000 0.02
471 0.06026357829096822 -0.6938465140590703 0 10000 0.02
472 0.03443664429144805 0.399551827357153 0 10000 0.02
473 0.04379024675390118 0.9549080283168665 0 10000 0.02
474 0.04953849713667405 -0.24089186732684198 0 10000 0.02
475 0.052421385624763756 0.2194369537232177 0 10000 0.02
476 0.025329922833438167 -0.4102821376071375 0 10000 0.02
477 0.04125984456839346 -0.5929697157850073 0 10000 0.02
478 0.03853430656299868 0.4981129116667964 0 10000 0.02
479 0.02699992266325174 0.08690959090794537 0 10000 0.02
480 0.03664461284150246 -0.12629492385094088 0 10000 0.02
481 0.025706885466975898 0.0596402805215972 0 10000 0.02
482 0.0610472644620004 0.3700776356985529 0 10000 0.02
483 0.05812423928536767 -0.7825820322570094 0 10000 0.02
484 0.04037615734590087 0.2662100195129986 0 10000 0.02
485 0.020300805368874842 -0.42792634366716886 0 10000 0.02
486 0.03889400616639237 -0.1551116190525228 0 10000 0.02
487 0.06029835479462424 -0.09479956894465691 0 10000 0.02
488 0.03162441394926693 -0.3261597265278994 0 10000 0.02
489 0.05464885093778209 0.27271111867610354 0 10000 0.02
490 0.03928031559581868 0.6224609423220417 0 10000 0.02
491 0.034466370956868206 0.3378597860809358 0 10000 0.02
492 0.026678853670878015 -0.06039819258295864 0 10000 0.02
493 0.058599041831083415 0.9694704857091105 0 10000 0.02
494 0.027662959020618067 0.9730106896143234 0 10000 0.02
495 0.029010484942856893 0.3369785890031811 0 10000 0.02
496 0.02804178056629905 -0.2523712536295043 0 10000 0.02
497 0.030950202335396283 0.5531071616709182 0 10000 0.02
498 0.04841411104146914 -0.2534727655355805 0 10000 0.02
499 0.04840994961533569 -0.8790509619830876 0 10000 0.02
