0 0.040127280029660706 -0.5707211855177332 0 10000 0.02
1 0.03335817351909644 -0.9230382773016811 0 10000 0.02
2 0.02676503232409776 -0.8901392656063741 0 10000 0.02
3 0.025960252075078162 -0.012848634219483679 0 10000 0.02
4 0.02475314935157625 0.6988235814092558 0 10000 0.02
5 0.0464054460597826 0.7231002925691907 0 10000 0.02
6 0.04699629928628643 -0.29326746205263843 0 10000 0.02
7 0.03323774543733889 0.5453173106372242 0 10000 0.02
8 0.05712169548402542 -0.11358694934395508 0 10000 0.02
9 0.03597351233994526 -0.0711638151733025 0 10000 0.02
10 0.0659285959449435 -0.272383957568875 0 10000 0.02
11 0.06712532135409138 0.24488298372419992 0 10000 0.02
12 0.055107114938872714 -0.24747857839475984 0 10000 0.02
13 0.04667403070155366 -0.8623806912012251 0 10000 0.02
14 0.02433059164681604 -0.2550857160347325 0 10000 0.02
15 0.05861920120116723 -0.3896567088202979 0 10000 0.02
16 0.02634216873195469 -0.8341776482010484 0 10000 0.02
17 0.03633796109713416 0.36146620813435515 0 10000 0.02
18 0.06392214541934851 0.6663109012230759 0 10000 0.02
19 0.05742314843666485 0.6908306046536974 0 10000 0.02
20 0.038385664509338696 -0.06677521496524252 0 10000 0.02
21 0.04561257438739369 0.032767824645285826 0 10000 0.02
22 0.05341559292974407 0.5534070734664012 0 10000 0.02
23 0.06883249366156638 -0.5451736152953173 0 10000 0.02
24 0.025490939685092397 0.19717050129625457 0 10000 0.02
25 0.06969517351462913 0.2592830656992695 0 10000 0.02
